== Ejercicio 2 ==

== Sin Errores ==

 38 143  61 255  40 145  63 255 222  77  77 255 224  79  79 255  53 101 236 255 
224  79  79 255  53 101 236 255  55 103 238 255 162 173 228 255 164 175 230 255 
162 173 228 255 164 175 230 255  13  67 110 255  15  69 112 255 234 159  25 255 
 15  69 112 255 234 159  25 255 236 161  27 255 187 181  20 255 189 183  22 255 
187 181  20 255 189 183  22 255  17 115 228 255  19 117 230 255 239  95 138 255 
 19 117 230 255 239  95 138 255 241  97 140 255  33 166 107 255  35 168 109 255 
 33 166 107 255  35 168 109 255  31 134  31 255  33 136  33 255 187  98  83 255 
 33 136  33 255 187  98  83 255 189 100  85 255  11  75 127 255  13  77 129 255 
 11  75 127 255  13  77 129 255  98 133 107 255 100 135 109 255   9  52  69 255 
100 135 109 255   9  52  69 255  11  54  71 255 170 131 140 255 172 133 142 255 
170 131 140 255 172 133 142 255  23  66 118 255  25  68 120 255 229 130 209 255 
 25  68 120 255 229 130 209 255 231 132 211 255  29  97 200 255  31  99 202 255 

== Random ==

166 182  45 255 196 212  75 255 155 165  65 255 122 132  32 255 139 189  96 255 
122 132  32 255 139 189  96 255  92 142  49 255 205 229  42 255 165 189   2 255 
205 229  42 255 165 189   2 255 200 211 101 255 109 120  10 255 127 145 252 255 
109 120  10 255 127 145 252 255 132 150   0 255 122 139 252 255 131 148   4 255 
122 139 252 255 131 148   4 255 130 151 236 255 131 152 237 255 174 223 136 255 
131 152 237 255 174 223 136 255 104 153  66 255 175 193  43 255 139 157   7 255 
175 193  43 255 139 157   7 255 166 203 193 255 148 185 175 255  95 140  78 255 
148 185 175 255  95 140  78 255 197 242 180 255 142 157  24 255 103 118 242 255 
142 157  24 255 103 118 242 255 143 178 180 255 146 181 183 255 184 214 245 255 
146 181 183 255 184 214 245 255  82 112 143 255 202 217  84 255 188 203  70 255 
202 217  84 255 188 203  70 255 137 157 250 255 123 143 236 255 140 187 113 255 
123 143 236 255 140 187 113 255 131 178 104 255 165 175  75 255 105 115  15 255 

== Con Errores==

127 255   0 255 127 255   0 255 127 255   0 255 127 255   0 255 127 255   0 255 
127 255   0 255 127 255   0 255 127 255   0 255 127 255   0 255 127 255   0 255 
127 255   0 255 127 255   0 255 127 255   0 255 127 255   0 255 127 255   0 255 
127 255   0 255 127 255   0 255 127 255   0 255  29 131  16 255  27 129  14 255 
 29 131  16 255  27 129  14 255 243 132 224 255 241 130 222 255 165 133 134 255 
241 130 222 255 165 133 134 255 163 131 132 255 127 255   0 255 127 255   0 255 
127 255   0 255 127 255   0 255  38 131  27 255  36 129  25 255 117 134  79 255 
 36 129  25 255 117 134  79 255 115 132  77 255 155 133 123 255 153 131 121 255 
155 133 123 255 153 131 121 255 104 130 104 255 102 128 102 255 105 134  66 255 
102 128 102 255 105 134  66 255 103 132  64 255 127 255   0 255 127 255   0 255 
127 255   0 255 127 255   0 255 148 133 115 255 146 131 113 255 226 132 205 255 
146 131 113 255 226 132 205 255 224 130 203 255 219 132 197 255 217 130 195 255 
