== Ejercicio 2 ==

== Iguales ==

 92 117 190 163  64  80 117 191  42  22  29 189  25 197 183 186 189  93 127  79 
 92 120 128 116 199 169 132 102 132 202 183 143  37 125 166 132  84 140 163 204 
145  86  74 153 159 120 116 118 222 142 123 197 174 166 163 167  88  33 114 166 
140 138  74 206 147  83 165 120 110  66  77 107  55  47  46 190 100  90 185 140 
110 199 195  79 204 178  98 118 145  99 206 128 142 152 114 107  88 142 146 139 
 70 127  96 218  87 107 174 194  81  60 190  63 145 156 130 137 106  86  30 166 
189  82 136 203 146 104 103 108 121 185 159 170  31 191 204  78 230 159  81 125 
169 237 173 164 132 144  88 202  93 129  93  65  88 109 156  68  91  14  67 129 
172 163 187 176 101  72  35 115 110 219 103 234 115 179 174 130 153  55  76 115 
 61  91  44 147  77 111 176 123  86 193 182 128 110  94 135  82 118 191 130 215 
 47 135  89 206 132 108 169 145 188 137 122 163 145  75 186 201 112 147 138 126 
 49  81 116  98  62  71 204  98  82 119 140  42 153  24  67 132  57 132 113 149 
137 137 148  36  86  68 119 123  49  28  74 209 150 174  93 215 162 143  84 138 
 55 219 143 137  40 209 103 162 104 117  79 147  76 122 191  79  68 140 163  47 
164  36 139 121  57  82 111  72 193 173 129 201  46 127 114 160  73 144 145 204 
121 182 188  93 149 112 239 148 177  93 120 167 123 156  73 162 170 173 148  85 
 76  99 105 124  89 173 114 125 147 150 138 162 179 132 174 195  87  87 138  46 
146 186 203 172 164 141  82 179  60 111 128  81 122 128 145  58  67 224 124 144 
 62 188 188  51 173 128 218 189 172 123  16 131  22 131 140  34 132  39  84 138 
151 128 225  83 157  56 107  82 157 101  59  71 228 108 205  63 218  99 151 104 

== Distinto(random) ==

255 255 255 255 255 255 255 255 255 255 255 255 255 255 255 255 255 255 255 255 
255 255 255 255 255 255 255 255 255 255 255 255 255 255 255 255 255 255 255 255 
255 255 255 255 255 255 255 255 255 255 255 255 255 255 255 255 255 255 255 255 
255 255 255 255 255 255 255 255 255 255 255 255 255 255 255 255 255 255 255 255 
255 255 255 255 255 255 255 255 255 255 255 255 255 255 255 255 255 255 255 255 
255 255 255 255 255 255 255 255 255 255 255 255 255 255 255 255 255 255 255 255 
255 255 255 255 255 255 255 255 255 255 255 255 255 255 255 255 255 255 255 255 
255 255 255 255 255 255 255 255 255 255 255 255 255 255 255 255 255 255 255 255 
255 255 255 255 255 255 255 255 255 255 255 255 255 255 255 255 255 255 255 255 
255 255 255 255 255 255 255 255 255 255 255 255 255 255 255 255 255 255 130 255 
255 255 255 255 255 255 255 255 255 255 255 255 255 255 255 255 255 255 255 255 
255 255 255 255 255  71 255 255 255 255 255 255 255 255 255 255 255 255 255 255 
255 137 255 255 255 255 255 255 255 255 255 255 255 255 255 255 255 255 255 255 
255 255 255 255 255 255 255 255 255 255 255 255 255 255 255 255 255 255 255 255 
255 255 255 255  57 255 255 255 193 255 255 255 255 255 255 255 255 255 255 255 
255 255 255 255 255 255 255 255 255 255 255 255 255 255 255 255 255 255 255 255 
255 255 255 255 255 255 255 255 255 255 255 255 255 255 255 255 255 255 255 255 
255 255 255 255 255 255 255 255 255 255 255 255 255 255 255 255 255 255 255 255 
255 255 255 255 255 255 255 255 255 255 255 255 255 255 255 255 132 255 255 255 
255 255 255 255 255 255 255 255 255 255 255 255 255 255 255 255 255 255 255 255 

== Alternado 1==

 92 255 190 255  64 255 117 255  42 255  29 255  25 255 183 255 189 255 127 255 
 92 255 128 255 199 255 132 255 132 255 183 255  37 255 166 255  84 255 163 255 
145 255  74 255 159 255 116 255 222 255 123 255 174 255 163 255  88 255 114 255 
140 255  74 255 147 255 165 255 110 255  77 255  55 255  46 255 100 255 185 255 
110 255 195 255 204 255  98 255 145 255 206 255 142 255 114 255  88 255 146 255 
 70 255  96 255  87 255 174 255  81 255 190 255 145 255 130 255 106 255  30 255 
189 255 136 255 146 255 103 255 121 255 159 255  31 255 204 255 230 255  81 255 
169 255 173 255 132 255  88 255  93 255  93 255  88 255 156 255  91 255  67 255 
172 255 187 255 101 255  35 255 110 255 103 255 115 255 174 255 153 255  76 255 
 61 255  44 255  77 255 176 255  86 255 182 255 110 255 135 255 118 255 130 255 
 47 255  89 255 132 255 169 255 188 255 122 255 145 255 186 255 112 255 138 255 
 49 255 116 255  62 187 204 255  82 255 140 255 153 255  67 255  57 255 113 255 
137 166 148 255  86 255 119 255  49 255  74 255 150 255  93 255 162 255  84 255 
 55 255 143 255  40 255 103 255 104 255  79 255  76 255 191 255  68 255 163 255 
164 255 139 255  57 255 111 255 193 255 129 255  46 255 114 255  73 255 145 255 
121 255 188 255 149 255 239 255 177 255 120 255 123 255  73 255 170 255 148 255 
 76 255 105 255  89 255 114 255 147 255 138 255 179 255 174 255  87 255 138 255 
146 255 203 255 164 255  82 255  60 255 128 255 122 255 145 255  67 255 124 255 
 62 255 188 255 173 255 218 255 172 255  16 255  22 255 140 255 132 255  84 255 
151 255 225 255 157 255 107 255 157 255  59 255 228 255 205 255 218 255 151 255 

== Alternado 2==

255  70 255 102 255 182 255 159 255 102 255 126 255 147 255  52 255 154 255 192 
255 105 255 170 255 153 255 129 255  90 255 224 255 165 255  33 255  62 255 110 
255  98 255  57 255 118 255 126 255 162 255 179 255  84 255 158 255 136 255  48 
255  79 255  69 255 167 255  85 255 125 255 167 255 170 255 188 255  98 255 108 
255  22 255  81 255  55 255  77 255 194 255  81 255  73 255 148 255  58 255  97 
255 139 255 167 255 218 255  62 255  91 255 174 255 187 255 171 255 177 255 119 
255 138 255  40 255  83 255 145 255 102 255  90 255  64 255 168 255 189 255 151 
255 168 255 146 255 188 255  93 255  72 255 175 255  94 255  70 255  87 255 124 
255 111 255 177 255 195 255 123 255 162 255 167 255 183 255 197 255  85 255 149 
255  97 255 127 255 180 255  37 255 185 255 186 255 110 255  92 255 164 130 180 
255 197 255 176 255 137 255  54 255  69 255 165 255 172 255 205 255  52 255 122 
255  70 255  78 255 187 255  96 255  90 255 225 255  37 255  90 255 146 255 176 
255 166 255  80 255 151 255 167 255 118 255 103 255  38 255  54 255 161 255  95 
255 147 255 117 255  86 255  77 255  93 255 215 255 161 255  69 255 106 255 176 
255 120 255 166  57 110 255  39 193 131 255 197 255 210 255 130 255  64 255 175 
255  82 255 129 255 128 255  60 255 142 255 167 255 164 255 195 255 106 255 120 
255  92 255 134 255 183 255 162 255 193 255 131 255 101 255  24 255 166 255  78 
255 186 255  97 255 124 255 187 255  55 255 112 255  83 255  37 255  45 255 140 
255 118 255  71 255  75 255 116 255  92 255  84 255 148 255 175 132 171 255  79 
255 144 255 142 255 145 255 102 255  73 255 191 255  59 255 132 255 189 255 132 
