== Ejercicio 2 ==

== Creciente ==

103 105 104   0  81  83  82   0  41  43  42   0 242 244 243   0 124 126 125   0 
242 244 243   0 124 126 125   0  27  29  28   0 118 120 119   0  51  53  52   0 
118 120 119   0  51  53  52   0 102 104 103   0  49  51  50   0  37  39  38   0 
 49  51  50   0  37  39  38   0  88  90  89   0 171 173 172   0 155 157 156   0 
171 173 172   0 155 157 156   0  14  16  15   0  33  35  34   0 112 114 113   0 
 33  35  34   0 112 114 113   0  65  67  66   0  62  64  63   0 234 236 235   0 
 62  64  63   0 234 236 235   0 143 145 144   0 236 238 237   0  50  52  51   0 
236 238 237   0  50  52  51   0 236 238 237   0   2   4   3   0 251 253 252   0 
  2   4   3   0 251 253 252   0 251 253 252   0   5   7   6   0 117 119 118   0 
  5   7   6   0 117 119 118   0 137 139 138   0 168 170 169   0 177 179 178   0 
168 170 169   0 177 179 178   0   5   7   6   0 233 235 234   0 202 204 203   0 
233 235 234   0 202 204 203   0  72  74  73   0  31  33  32   0  28  30  29   0 

== Random ==

198 115 105   0 255 236  74   0 205 171 186   0 251  70 227   0 194 248  84   0 
251  70 227   0 194 248  84   0 232 141 231   0  90  99  46   0 159 154 201   0 
 90  99  46   0 159 154 201   0  50 183  13   0  88  90 163   0  93  23   5   0 
 88  90 163   0  93  23   5   0 233 212  94   0 178 198 205   0 180  17  84   0 
178 198 205   0 180  17  84   0 130  65 116   0  61 135 220   0 233 161  62   0 
 61 135 220   0 233 161  62   0 225 103 252   0   1 151 126   0 220 150 107   0 
  1 151 126   0 220 150 107   0  56  42  92   0 176 251  59   0 175  84  60   0 
176 251  59   0 175  84  60   0  24  92 219   0  26  67 254   0 250  58 170   0 
 26  67 254   0 250  58 170   0  41 230 209   0  60 148 124   0 216  97 190   0 
 60 148 124   0 216  97 190   0 249 187  92   0 153 149  15   0 235 179 241   0 
153 149  15   0 235 179 241   0 239   0 247   0 161 229  58   0  11 208 203   0 
161 229  58   0  11 208 203   0  71 189 100   0  35 168  30   0 123 197 100   0 

== Decreciente==

198 115 105   0 255 236  74   0 205 171 186   0 251  70 227   0 194 248  84   0 
251  70 227   0 194 248  84   0 232 141 231   0  90  99  46   0 159 154 201   0 
 90  99  46   0 159 154 201   0  50 183  13   0  88  90 163   0  93  23   5   0 
 88  90 163   0  93  23   5   0 233 212  94   0 178 198 205   0 180  17  84   0 
178 198 205   0 180  17  84   0 130  65 116   0  61 135 220   0 233 161  62   0 
 61 135 220   0 233 161  62   0 225 103 252   0   1 151 126   0 220 150 107   0 
  1 151 126   0 220 150 107   0  56  42  92   0 176 251  59   0 175  84  60   0 
176 251  59   0 175  84  60   0  24  92 219   0  26  67 254   0 250  58 170   0 
 26  67 254   0 250  58 170   0  41 230 209   0  60 148 124   0 216  97 190   0 
 60 148 124   0 216  97 190   0 249 187  92   0 153 149  15   0 235 179 241   0 
153 149  15   0 235 179 241   0 239   0 247   0 161 229  58   0  11 208 203   0 
161 229  58   0  11 208 203   0  71 189 100   0  35 168  30   0 123 197 100   0 
